100
2 ,,,
0,002586  
0,003084  
0,003203  
0,001150  
0,001226  
0,001317  
0,001116  
0,001081  
0,001137  
0,002046  


200
2,,,
0,012436  
0,009067  
0,008015  
0,009162  
0,007972  
0,006022  
0,009725  
0,006891  
0,005966  
0,005952  


400
2
2
2
2
3
2
2
2
2
2
0,049861  
0,044889  
0,053087  
0,048453  
0,048991  
0,043919  
0,041900  
0,043679  
0,044616  
0,045047  


800
2
3
2
2
3
2
3
2
3
2
0,363927  
0,352120  
0,348426  
0,346439  
0,337947  
0,368525  
0,362785  
0,344089  
0,343144  
0,333306  



1600
3
3
3
2
3
3
2
2
2
3
2,795370  
2,668553  
2,756461  
2,791447  
2,736696  
2,786584  
2,666072  
2,755593  
2,637278  
2,713624  



3200
3
2
2
3
3
3
3
2
2
3
22,020371  
22,088181  
21,812802  
21,874968  
22,066576  
23,262182  
22,921541  
22,427342  
21,757095  
21,556721  


6400
3
2
3
2
3
3
2
3
3
3
176,783535  
176,533910  
176,028164  
179,016176  
177,288618  
173,478863  
176,168024  
177,732990  
177,560081  
171,810780  



12800




25600



51200




102400
